
137191
088404
064571
197359
147581
193214
095972
196827
127624
127250
088561
156890
129743
107842
105292
115243
097570
145972
197437
061168
174430
191347
195131
112355
142606
183257
197768
209437
119721
160295
207995
154101
199409
191970
209002
089703
193386
193141
103615
171996
091422
173445
124889
209078
209394
210049
210037
210052
210032
121957
203736
185795
169824
157892
209075
098335
178152
135706
119383
090167
088388
100419
102715
206737
115503
161436
092231
120701
204525
164929
132305
065821
205224
199416
142198
166223
180258
159578
195269
124938
081407
122897
101593
206648
087899
139734
138157
105060
163457
209781
055126
083279
163816
207779
160488
183757
139082
205260
209088
207646
192069
209125
207869
171786
060887
105968
210081
208051
051062
085495
057122
176198
114312
193802
197455
122836
148357
185529
167693
183417
189714
096178
177218
138424
163015
158000
093098
200710
182097
187655
158285
208231
157794
116741
210098
207777
139243
210075
168545
209080
176610
209775
205658
200509
138312
210059
208967
124730
169236
168920
127518
202478
110880
141987
209294
205496
134482
090168
132692
117139
210060
089399
209350
133045
193778
204191
144709
158890
162066
134014
204323
104784
191556
094499
197418
202685
172445
166622
203897
209029
205237
192251
056990
175404
106051
143206
091036
198127
210082
209791
206288
138995
144469
056606
209774
184375
205339
158497
103634
073005
196333
095599
207861
085379
210085
208100
137866
152133
067682
173132
191667
192649
155277
155066
200358
170819
194035
140215
199823
195881
135557
200748
089001
125572
132303
107639
201172
204164
130551
166853
166568
126929
148519
121374
155983
177234
160330
203171
112056
173858
140434
194406
200881
083226
080278
205622
107733
053478
116926
098814
208347
146667
103109
112011
210135
180669
210132
203806
129189
208974
125708
105887
091875
163189
114130
134596
080146
168224
161161
116762
119456
178116
208824
207895
082628
104689
067703
208804
132212
210140
112785
203645
210128
102042
125837
104196
170135
105553
132656
184474
102719
082482
119065
177268
147278
209512
208905
209433
162728
190013
094172
073032
191308
192140
208001
170512
109463
095728
205708
150952
157935
165308
127111
209472
203625
104969
127970
141231
187061
112505
070721
203080
199209
192718
141567
152962
191617
085544
196286
077103
209028
206534
096826
064183
120278
053646
129779
209861
207834
207361
170299
148496
161413
160090
095009
161390
210144
180440
116071
206821
171192
152721
081154
148887
167116
102226
159397
154540
057912
159048
188821
084955
160898
149800
129743
147581
115243
088404
107842
160295
193214
197768
191347
088561
127624
127250
209437
112355
193386
142606
197359
199409
174430
095972
156890
197437
195131
119721
089703
209002
064571
143633
103615
196827
105292
061168
137191
145972
183257
097570
179442
176866
210032
155200
123081
208103
209874
152693
210164
210163
174209
196347
209533
210157
120249
209932
209900
130404
105000
209902
108031
169772
138893
160054
139930
085670
105898
209912
129953
119249
112783
052589
206539
097484
209539
204229
175967
180629
204865
109392
194709
172477
145829
134107
171283
19646
118859
162802
125993
098850
152879
088174
129796
195956
105572
146703
100787
172216
183279
180778
108620
146306
180134
177832
171597
144781
115061
117563
172571
130221
134042
132766
178001
132049
078875
209938
173277
089009
207995
119373
136993
083688
200065
071377
177334
116571
186973
210156
121197
051199
208978
200050
069788
135227
054132
095501
159576
114021
124162
160724
048511
167031
149734
112090
188843
129711
143678
103991
146728
124051
202793
117489
209827
209937
128462
089140
118168
117488
115503
206737
195269
203736
098335
119383
169824
087899
199416
101593
204525
209075
122897
135706
178152
161436
065821
205224
102715
166223
142198
180258
139734
092231
100419
121957
132305
204141
199793
188762
200220
090167
105060
081407
088388
138157
119653
124938
159578
164929
120701
206648
157892
185795
148799
090281
176764
207536
210191
150118
177519
164100
203874
207661
208867
198007
115550
070343
073217
139694
133091
209934
133232
195250
171623
164711
144023
209940
168836
163022
100949
178924
126929
170819
200358
191667
199823
195881
155277
117527
140215
145992
210228
209217
121611
207742
127037
108212
209917
114928
111787
208959
187385
209718
210238
210241
207768
138912
176790
077009
053931
128841
180698
195909
150560
120523
073756
210246
210247
121374
125572
166568
204164
130551
155066
137866
166853
141147
132301
086495
128048
168932
162626
054827
200849
057866
139460
209598
204628
139068
139484
115559
068272
210018
180042
143807
155527
204978
122690
066740
169930
087421
105279
159834
103066
101373
180773
085336
191804
064334
109832
148659
087604
179011
155891
177324
207538
088590
210013
124720
210229
163247
185133
181585
102631
096729
073089
090993
103326
208356
106105
142380
206985
176865
197142
154885
155344
120072
199058
189176
199801
098355
101421
210243
121836
084505
122884
062796
210226
178880
103398
048414
206071
124692
171556
088217
162655
130586
113973
207317
170161
097975
182199
049657
113431
177753
172322
199099
112088
132190
191513
182914
103794
106593
210236
096415
058121
150927
205723
124609
176367
176571
112867
149323
115894
179774
126682
168578
186085
168118
048953
129548
104334
138597
192167
148097
160490
164762
190833
091965
177229
094404
140659
063352
096520
192649
155983
107639
201172
137198
148908
200748
135557
064983
208134
117993
111196
173132
132303
173858
140434
194406
148519
112056
177234
152133
160330
067682
203171
089001
158552
049829
081128
159052
164949
102746
143106
171610
131909
096105
209730
143604
127617
144544
203382
163743
080413
210233
146404
144990
179000
141131
136984
206037
208960
133589
091143
048534
130361
069433
120670
109354
167721
189578
152427
128211
171012
199245
151288
113461
096189
063568
059253
080177
136836
174020
091343
162619
093650
057683
208821
122164
112156
148238
093201
089922
053740
203576
059236
205132
207567
086098
125730
101865
115354
209873
210266
124928
199258
117940
156727
161184
203610
210279
172663
174889
185091
200795
209394
210254
210290
133547
209078
118123
193439
163528
101374
210280
210009
122168
210278
106531
192665
204007
118413
209750
164265
073173
079300
057023
204938
093515
146659
199000
145431
120852
092973
210272
158210
150384
111090
114235
203731
056330
126007
191312
182959
142837
199290
114329
198608
148325
210275
210285
210224
207429
205428
118624
164358
179268
173937
113003
116761
089324
193638
089424
191131
152343
167626
076204
132280
140447
137621
151379
117417
096925
097435
158091
049657
209092
199409
089703
143633
103615
193141
191970
160295
095972
209002
119721
112355
195131
207995
183257
107842
209437
193214
193386
196827
197359
142606
174430
127250
081385
178196
102253
088404
105292
064571
127624
097570
197437
088561
147581
156890
115243
061168
197164
145972
137191
129743
191347
112597
197768
132051
199518
210270
054434
181610
206924
093800
202347
207488
121118
130285
134779
158352
112478
124499
194335
060973
138009
145148
106751
206263
088388
102715
132305
092231
203736
206737
166223
139734
204525
115503
205224
065821
124938
135706
178152
199416
209075
090167
185795
169824
157892
098335
087899
101593
206648
120701
164929
138157
081407
122897
119383
142198
100419
121957
180258
159578
161436
105060
195269
205260
055126
183757
209125
207646
210320
210155
149504
206026
097139
210312
210307
106714
142361
176732
210017
210299
207039
195881
208967
100132
174845
207777
210330
207403
139243
164759
162066
156719
060887
173926
142768
164085
202685
207058
093016
209791
210082
149800
114247
056606
157053
145691
210309
088555
150930
198476
166638
067907
097960
191622
132709
210317
056246
091163
138196
109711
169236
210321
191563
089866
208141
203809
134482
138424
137616
210081
140620
209781
062485
097349
205041
061956
209936
096285
167507
098076
203874
106593
134642
191502
052242
116298
209042
199634
092338
166073
161652
159114
066916
177815
087968
116308
198185
180233
139540
205496
106051
202478
093353
132224
079134
199044
085379
073005
210318
095599
207861
103634
089399
095784
127518
195241
209294
137599
192205
124730
146252
203966
097520
209350
132692
137345
163587
088497
133942
091374
071586
210359
210010
171104
200881
156002
080278
156316
210151
083226
189743
132336
210363
135335
168808
188878
189587
199856
138190
131003
210086
128526
180669
140215
191667
174837
204164
141147
199823
107639
203171
089001
152133
155983
195881
200358
200748
194406
148519
170819
117527
137866
166853
166568
130551
173858
125572
160330
155066
135557
067682
132303
121374
155277
126929
194035
140434
177234
112056
173132
201172
192649
149643
209512
161161
119456
207895
178116
132212
161413
209433
141567
111526
157342
127111
203080
150952
206094
205708
148879
152116
082437
190013
051077
204769
210361
141063
105060
209080
176610
175210
197558
168545
190292
150945
209775
115455
208796
182838
055922
109679
100949
210048
171421
169744
048771
164884
070721
095592
110747
188821
111297
095728
196628
057385
144709
129830
087733
109463
111398
059567
160488
210364
107972
098081
057900
150600
086084
132008
159837
096410
058600
088383
095456
173821
207834
170687
132507
113940
180128
052947
091216
209028
162426
137379
194488
091847
140632
095982
129630
115467
125708
140384
101788
199787
157617
107791
131212
089009
120324
080146
160022
151136
116071
048726
090939
210144
207361
082482
208956
112505
160898
191127
062812
119065
170218
195807
127250
156890
209002
207995
196827
191347
115243
112355
142606
143633
209437
097570
197768
193214
105292
137191
129743
095972
064571
127624
197437
088404
107842
145972
114912
210254
185067
176866
208183
107833
103975
199534
210414
209941
103615
195131
193141
183257
191970
088561
197359
199409
119721
193386
147581
098655
170161
209539
209533
175967
210449
131594
181197
143856
120249
051607
210417
210435
167890
066395
160806
210430
142463
071905
067572
194815
210428
056556
121197
059120
160504
207571
174568
210117
116508
209861
075866
208781
206936
103128
210415
049002
130428
096075
092832
162267
094557
179205
210162
199209
206082
109627
202793
111102
127622
210421
145115
209937
121282
142851
112435
209902
115888
116390
085670
203897
143627
051935
139930
095793
069236
209912
200869
180619
078875
132049
209938
173277
154481
197164
174430
160295
097069
116897
192140
117114
154442
089703
147908
196371
208978
135706
055082
209075
132305
164929
210193
133111
207661
087899
118078
148272
148269
090167
088388
159578
138157
161436
142198
203736
204525
199416
178152
065821
124938
195269
205224
133589
200571
139734
166223
081407
210476
100419
106051
180258
121957
102715
115503
105060
092231
206737
207820
148799
104689
177448
207536
209934
206648
098335
185795
157892
101593
169824
119383
122897
130613
208985
120701
127657
093961
146667
164759
152107
208867
210167
125994
200050
069788
209526
170687
207039
131023
210487
130551
108212
187059
209217
198347
101036
162522
199368
155200
167207
120217
207742
053931
210022
172663
145992
107639
067682
140215
204164
155983
201172
174837
166853
141147
199823
177234
112056
140434
200748
132303
137866
148519
089001
125572
121374
200358
191667
166568
203171
155277
192649
195881
173858
152133
194406
117527
155066
135557
160330
170819
173132
126929
130775
133589
086495
124720
185103
132301
105958
088590
181197
159052
210229
154468
210514
210518
115008
150748
127617
210125
209328
109150
172867
092316
124874
111787
208796
130093
108299
113403
177753
132893
199504
106788
080177
109475
210513
210504
109832
210516
207317
170849
210040
155344
207768
162619
057811
189578
171216
112156
091343
102970
120106
210157
208959
186674
113194
210506
163347
064334
096729
210051
063352
197142
210517
108956
210522
142995
210233
144990
146404
207567
063568
059253
171012
080413
136836
156727
210537
174992
120427
117940
210266
193123
093089
149466
210080
162970
152840
089324
210538
152337
145133
118123
194428
128058
210341
124339
150850
066316
058856
095945
076204
067857
040332
157043
124801
123942
173279
156890
107842
145972
193214
142606
197359
174430
191347
209437
160295
112355
207995
183257
089703
143633
103615
119721
196827
191970
209002
199409
193386
093449
195131
157892
112678
170687
202341
171010
124419
210570
112691
210541
119093
207219
193439
210552
158491
083710
210155
106391
184582
210545
203684
162066
095734
210542
210549
088443
210543
123993
150861
199258
210224
120104
116761
170010
083871
100949
210476
210298
198986
199245
093800
128545
091923
071464
140531
127624
115243
147581
061168
197768
095972
064571
088561
105292
127250
197437
193141
088404
129743
137191
204507
191302
092427
050185
104417
109550
204006
210272
089864
185133
120851
120852
110919
208100
112612
196333
079300
114235
092023
197164
197418
159512
209125
120683
068580
183757
169589
209873
134482
145325
188783
096986
090167
139734
122897
081407
206737
092231
195269
102715
203736
138157
166223
180258
132305
164929
120701
169824
204525
055082
101593
098335
087899
157892
206648
185795
159578
199416
178152
124938
065821
205224
209075
142198
135706
105060
119383
100419
121957
115503
088388
161436
205833
143509
143583
108517
114960
135603
168319
092089
123666
129957
107155
130971
164216
220226
060348
189785
050068
220248
220233
195414
220247
220236
220229
207403
220213
171622
210155
115370
119495
165088
148559
150838
165801
090658
171109
117115
193080
200113
170625
096018
111495
104542
096084
124161
090432
196267
151298
163658
100227
135668
130652
136972
100412
121695
182423
095495
183876
071380
062485
148987
082485
207791
163606
209350
062270
124461
150454
154808
094047
209294
059108
083333
142172
091876
077513
156723
146734
100542
220224
201411
093750
202478
182781
135759
124730
209082
142540
174636
135422
093621
135010
149669
132379
093474
169236
051317
144714
127518
210082
103202
106531
191312
157053
145691
150930
205496
154801
142768
089455
206286
056606
085379
103634
210318
210576
098076
210309
193776
210010
145255
056978
109659
133895
199274
168651
096410
171034
096619
162985
164449
208050
100935
161739
122511
132287
160269
207039
083604
184815
058600
152989
142280
083226
220281
200881
208959
210404
137571
187655
170447
147642
205244
125086
196441
205618
188768
178924
105292
079705
220301
161161
207006
134482
209512
220251
061072
175965
107481
110188
091949
170025
116071
210144
123082
106714
220282
115467
107785
148184
115455
115176
106593
159097
177990
156885
112825
093414
107950
191160
168630
080146
063804
089009
109463
175160
098081
159180
070721
160022
092973
107336
176865
091329
105266
190013
204769
095728
133227
127111
080907
206894
178116
146758
191667
208974
093206
125708
121484
203306
200545
126644
078141
148487
141567
199027
112505
083072
095806
161413
204979
132212
119065
130551
126929
132303
148519
089001
173858
199823
203171
140215
200358
195881
135557
112056
177234
117527
067682
173132
170819
155983
141147
204164
174837
107639
152133
125572
201172
194406
200748
137866
155066
140434
160330
166853
194035
166568
121374
160898
155277
198794
220286
136984
207861
167690
183257
112355
197164
191347
119721
209437
191970
209002
193386
174430
207995
160295
089703
193141
127250
064571
145972
156890
193214
197768
103615
143633
142606
107842
197359
137191
196827
147581
088561
088404
195131
115243
197437
127624
129743
095972
111991
055086
094172
107833
176732
176866
134680
174926
210348
116897
209937
159898
210421
204678
220348
142269
116123
209533
209539
054477
203190
164728
066077
220325
116407
186978
220333
095713
173122
086441
053311
220339
084555
115999
176767
180902
069890
182959
156009
138424
078632
132997
200121
148530
220336
132049
173277
078875
174611
166390
165095
125224
209912
091621
130775
139930
117114
113082
121990
098810
113455
220331
207160
154552
098582
127363
169050
084303
210417
120249
210330
180619
186216
220342
220321
060053
097607
134124
125791
098455
112678
186157
198588
085670
165395
160740
190454
147653
171039
180669
192319
124149
150370
202793
094513
162316
122525
053255
205366
205811
207726
220332
181073
209453
179484
146053
141617
115461
192154
206022
199793
220364
141189
119383
185795
206648
087899
098335
209075
195269
120701
159578
161436
204525
135706
199416
166223
138157
178152
065821
081407
055082
121957
092401
195414
220379
204893
209941
207536
220368
148799
121128
088136
091152
198007
064541
146667
208867
220377
208985
123099
164759
098472
220376
220248
210190
100419
102715
132305
092231
142198
157892
169824
101593
124938
206737
164929
122897
180258
088388
203736
105060
139734
205224
090167
149563
069788
200050
177991
053514
130613
163528
200667
102506
177494
174430
154789
204164
159438
097103
201749
170006
180058
172020
106359
049282
189133
135185
095265
179241
109566
204492
134686
195973
169745
080130
105272
097240
163921
116115
169135
158431
088703
157143
188735
051849
149078
061544
130093
050507
155047
152925
084120
080278
164681
123017
068205
205523
120813
148046
157259
147268
181875
145210
195154
207774
114171
191833
175111
113403
143180
140301
140765
141931
047300
070566
048300
111054
209010
120217
086538
114928
167207
123725
220251
210228
220462
155536
208039
091440
076657
177753
105994
193085
116173
094916
194969
145890
155352
166397
163803
210157
058856
130577
144011
220480
122938
100504
220469
220476
220466
194989
147550
186379
177779
208037
124173
181843
193986
081660
180036
190235
096103
163641
098671
064334
109832
051935
220473
170596
158178
170849
210468
210516
200047
096622
093961
117015
127345
149555
129204
202898
204085
189176
095452
191658
125861
201023
048476
187674
206924
108212
168212
092626
098523
132018
080413
203913
098951
163187
123439
092935
119787
152355
149145
088695
119603
163041
112156
103143
049926
182645
206111
187657
135549
164885
100979
148379
189578
147528
063568
155760
208796
156695
197382
080177
112367
091343
104618
106788
092194
186108
093724
096729
210506
173664
157963
088909
094627
163452
117888
181197
220442
132364
132301
127064
174845
049938
109594
048542
124167
149289
183672
095363
169298
177916
113380
159052
124720
140885
185994
073140
210514
086495
052511
194574
054434
146728
170465
196853
147032
200441
117527
194406
194035
166853
148519
166568
155983
141147
201172
126929
203171
130551
170819
152133
155066
177234
135557
121374
137866
173858
140434
089001
067682
173132
112056
200748
160330
199823
174837
200358
107639
195881
155277
191667
125572
140215
220458
177930
172677
208095
132303
053931
220379
094252
048467
148891
136836
142188
127617
103568
210233
208978
167767
186674
177045
144990
049724
195131
119721
142606
088404
145972
127624
127250
095972
088561
129743
137191
107842
197359
197768
147581
193214
156890
115243
197437
191970
191347
174430
160295
183257
207995
209002
112355
193386
064571
197164
193141
089703
103615
199409
143633
173504
089246
076204
110178
146395
040332
084844
162970
152337
062120
089137
059503
112219
150478
052792
220520
052791
133903
220521
085776
097141
059798
064748
169909
111117
125993
162001
067857
163707
109152
058424
130016
142276
210341
097396
175554
110612
189738
149466
196972
220491
156727
128009
220504
179294
220488
199209
136691
220544
208856
123214
125837
220495
118789
220499
182838
144783
104950
105812
060085
220503
154238
207429
220524
124338
125409
183297
104820
096285
127333
207474
210275
148335
202060
199727
191563
163347
106045
102419
089864
120925
105317
161518
115815
110202
147090
161311
158160
155489
100066
118029
092427
191417
204006
202930
109475
116761
192140
180015
109455
083710
060195
210541
220523
195580
172663
064224
152427
187655
207374
210279
208231
210420
210224
204353
119430
152561
199540
152075
210476
220528
135068
097241
208100
112612
114355
127243
210550
205161
093800
200874
204855
116741
109681
179532
138921
089242
123261
168411
120104
128545
192725
065821
138157
159578
132305
166223
180258
195269
105060
092231
121957
102715
090167
164929
139734
100419
055082
206737
161436
088388
203736
119383
142198
209075
206648
169824
087899
098335
185795
101593
120701
157892
122897
204525
205224
124938
081407
135706
178152
157464
096363
123737
095998
196262
114335
200561
151298
049811
184552
113069
157898
166324
095309
151409
069740
109297
143553
167300
133774
074811
173084
117949
050752
171372
188783
173885
068580
209873
220567
083279
104689
157288
126255
096321
183462
063871
089798
085379
167280
210307
220575
200113
119122
147708
090658
207820
116123
110005
160223
220551
156450
171589
175701
123674
220224
209294
127518
100592
115170
103858
135422
202685
200435
073730
076962
166377
138627
220580
206233
064883
100227
082263
124730
085816
077508
207403
159277
220550
220576
220573
178121
210576
048588
071464
062270
220557
142768
080779
193965
098076
119461
141619
210309
197813
205496
106660
170512
220226
148048
210492
115455
123080
103634
220578
176112
200748
125572
112056
121374
130551
140434
194406
067682
191667
173858
195881
137866
089001
135557
194035
107639
200358
174837
166853
177234
152133
155277
199823
200441
155066
155983
201172
141147
170819
148519
117527
140215
166568
160330
126929
203171
204164
173132
209856
220283
200881
208959
210010
220634
158549
180630
180216
100959
051955
208974
083521
208530
056130
125708
098368
220356
185764
176610
124874
220626
141063
142538
134349
091476
209775
149497
168545
105060
220621
158799
210522
164281
160824
171217
199245
091228
134211
133946
177085
120644
092832
142691
184224
166785
108808
078389
173880
157594
128371
113428
169132
130367
167623
154782
080647
090993
110142
148296
186873
097338
066012
207617
089009
141822
107649
161448
130920
220377
220652
056913
220629
141635
105795
151521
086817
095745
085174
112816
069122
134482
100753
182017
160128
121405
197851
121168
132212
123942
220627
087522
178116
146758
159097
160022
161413
190047
120351
177497
207045
195327
220619
207623
204769
112505
091329
049331
070692
111688
101218
220286
088773
180061
189865
174430
101069
109463
097102
116258
095728
102005
101799
129368
121352
204726
116071
120333
070830
148653
147642
220620
080907
220285
112842
220328
220615
058856
163816
090584
141567
185507
098626
120567
206894
050217
099937
114421
119721
089703
193214
115243
156890
191970
103615
174430
199409
193141
193386
143633
064571
197437
127624
200654
088404
088561
137191
197768
147581
129743
095972
142606
197359
145972
107842
183257
160295
191347
207995
209002
197164
127250
195131
112355
148223
105278
051136
144938
198705
151380
205545
187626
122688
120784
178449
151676
178819
091838
114750
069527
095280
131216
179218
167009
155606
122248
135121
052310
145125
107833
210359
125593
111991
156553
103975
190523
189284
180669
175737
220376
083539
074985
132703
220339
116897
220348
209937
174926
184256
159898
089986
210421
210051
106532
220653
149909
123941
139998
210428
102742
049485
207571
048322
116563
163658
052134
149487
097629
112678
220668
050073
077131
102970
220657
169972
209912
210348
220676
138424
060053
192467
187369
220248
196160
118746
098582
108956
132997
080094
090573
149797
207258
120249
078875
132049
180619
065740
173277
063062
202554
142837
210417
113455
204618
198794
131675
207861
210141
168422
198810
147653
183496
139734
115503
090167
206648
159578
206737
138157
121957
180258
088388
161436
164929
166223
102715
195269
203736
205224
081407
055082
100419
132305
142198
178152
065821
120701
185795
169824
119383
209075
105060
122897
092231
124938
204525
157288
087899
098335
101593
135706
157892
207536
210452
220365
220364
121831
145386
066764
144266
203276
089009
111228
220718
068272
101036
162455
053514
200050
177991
220704
220710
118874
120106
154161
053750
109832
074035
164759
069788
175933
193648
183640
200358
140215
130551
107639
191667
174837
166853
200441
195881
155277
155983
194035
204164
201172
140434
121374
125572
117527
112056
137866
147032
203171
170819
089001
177234
135557
067682
160330
194406
166568
200748
173858
148519
173132
155066
152133
132303
199823
141147
114372
133954
095053
134981
166397
141931
121430
155352
094591
074766
100683
198280
192162
193635
157127
094096
109535
107627
100067
080278
092169
052328
123343
070566
220249
108212
200419
220463
220450
146891
207121
199368
220532
123725
120217
102924
205062
091686
116485
220251
220765
144284
154093
168661
167207
220622
220458
220781
220786
206894
220780
220745
208978
186674
158497
104950
209328
147550
220756
167682
190730
210011
220762
181197
143180
189176
093400
118507
208985
080177
190729
189624
144903
147908
190387
161796
174845
092590
091282
169724
105553
106788
210468
141092
144269
061367
204562
125365
092176
207516
077900
189554
199095
133742
180595
115846
106667
207903
220473
086329
182602
204365
073977
128020
128799
094637
115222
204507
096262
119307
179261
052244
092895
146667
166720
111272
120862
184469
188010
220767
208867
088138
204085
094327
140760
197941
220561
220749
209904
220766
140704
140885
106886
073140
159052
210514
124720
204677
086495
220752
220368
210330
186870
170145
156009
210506
105333
193986
057760
194456
210516
129635
158649
123535
209418
095214
115674
093986
203244
220758
220768
100616
133071
220379
194574
205783
127617
189578
049724
148799
220831
121597
145037
210228
097582
149466
190343
220528
196441
220395
088561
193214
115243
064571
127250
142606
174430
197164
126929
095972
129743
200654
191970
147581
127624
156890
197437
137191
088404
132305
210550
107842
195131
145972
197359
119721
193386
191347
207995
112355
103615
209437
193141
160295
197768
209002
183257
199409
143633
220540
068793
089242
093800
150454
152547
057815
082054
198611
089703
134627
197713
176865
220801
196333
208100
106051
096859
112612
220817
220812
109759
106660
208791
209786
131884
114355
144509
195555
175210
200874
220822
120164
058424
220808
210280
220828
210224
172663
220855
126262
210476
220863
189047
180555
202898
192140
121442
092427
142435
052699
064334
088540
204006
057075
117810
116260
112367
148346
102485
129204
151225
081611
060195
054434
210541
220523
220830
083710
179294
088325
082353
148791
154238
054480
138573
150841
157885
147633
132390
090926
191395
184807
150313
158131
073310
199088
198803
109112
209058
106916
209938
184212
152174
138485
210233
116850
127303
150401
076102
076204
049586
093432
169760
155251
220504
108843
144266
111228
129121
141632
191344
096321
131710
203734
208231
147260
220835
210214
090167
065821
204525
124938
178152
157892
185795
098335
169824
119383
101593
205224
122897
087899
157288
209075
120701
206648
220893
166223
206737
138157
121957
135706
105060
090147
115503
180258
088388
203736
102715
161436
100419
092231
081407
195269
055082
159578
139734
164929
104689
061533
081126
220224
096986
190616
185067
196972
173885
210080
165807
076962
085379
206924
220780
220378
207403
205496
115170
115185
149656
093394
106896
193648
209294
056885
205296
097170
152925
220630
203322
204705
202937
166377
197620
177863
184116
170150
220883
048978
080779
132191
160727
111800
117116
120414
199019
155859
055800
085801
210576
183745
207575
206570
102979
178121
204266
173886
139887
220906
162683
116394
088422
196736
220573
208851
207777
220550
208188
093988
197283
175189
149641
207580
205799
071464
062270
220894
195513
088114
155489
109475
210309
049144
051935
210492
146743
220922
137262
093148
220927
220884
220878
138130
132500
148048
191890
191925
053931
126752
